<?xml version="1.0" encoding="UTF-8" standalone="no" ?>
<SimscapeMultibodyImportXML version="2.0" xmlns="urn:mathworks:SimscapeMultibody:import" xmlns:xsi="http://www.w3.org/2001/XMLSchema-instance">
<Created by="" on="04/09/24||16:26:16" using="Simscape Multibody Link Version 7.4" from="SolidWorks 32.1.0"/>
<ModelUnits mass="kilogram" length="millimeter"/>
<DataUnits mass="kilogram" length="meter"/>
<RootAssembly name="OOP" uid="OOP" version="137">
<AssemblyFile name="OOP.SLDASM" type="SolidWorks Assembly"/>
<InstanceTree>
<Instance name="Podstawa-P-1" uid="Podstawa-P-1" entityUid="Podstawa-P*:*Domyślna">
<Transform>
<Rotation>0.18056013459744155 0 -0.98356394697759952 0 1 0 0.98356394697759952 0 0.18056013459744155</Rotation>
<Translation>0 0.01 0</Translation>
</Transform>
</Instance>
<Instance name="Podstawa-1" uid="Podstawa-1" grounded="true" entityUid="Podstawa*:*Domyślna">
<Transform>
<Rotation>1 0 0 0 1 0 0 0 1</Rotation>
<Translation>0 0 0</Translation>
</Transform>
</Instance>
<Instance name="R-Q-1" uid="R-Q-1" entityUid="R-Q*:*Domyślna">
<Transform>
<Rotation>-0.17656334327078721 -0.98356394697759975 0.037780259645579767 0.20923920847650587 2.9482756165795315e-16 0.9778644863354663 -0.96179225378933442 0.18056013459743891 0.2058001417516209</Rotation>
<Translation>0.021379954255742836 0.047491284696075976 0.088771268529042227</Translation>
</Transform>
</Instance>
<Instance name="P-R-1" uid="P-R-1" entityUid="P-R*:*Domyślna">
<Transform>
<Rotation>0.17656334327079376 -0.98356394697759875 -0.037780259645578955 -0.20923920847649904 -6.1560999353726942e-16 -0.97786448633546785 0.96179225378933475 0.18056013459744519 -0.20580014175161407</Rotation>
<Translation>0.0049178197348807608 0.067000000000001475 -0.00090280067298844648</Translation>
</Transform>
</Instance>
</InstanceTree>
<Constraints>
<Concentric name="Koncentryczne1">
<ConstraintGeometry geomType="cylinder">
<InstancePath>
<Uid>Podstawa-1</Uid>
</InstancePath>
<Position>0 0.02 0</Position>
<Axis>0 -1 0</Axis>
</ConstraintGeometry>
<ConstraintGeometry geomType="cylinder">
<InstancePath>
<Uid>Podstawa-P-1</Uid>
</InstancePath>
<Position>0 0.040000000000000001 0</Position>
<Axis>0 -1 0</Axis>
</ConstraintGeometry>
</Concentric>
<Coincident name="Wspólnie1">
<ConstraintGeometry geomType="plane">
<InstancePath>
<Uid>Podstawa-1</Uid>
</InstancePath>
<Position>0 0.01 0</Position>
<Axis>0 1 0</Axis>
</ConstraintGeometry>
<ConstraintGeometry geomType="plane">
<InstancePath>
<Uid>Podstawa-P-1</Uid>
</InstancePath>
<Position>0 0 0</Position>
<Axis>0 -1 0</Axis>
</ConstraintGeometry>
</Coincident>
<Concentric name="Koncentryczne2">
<ConstraintGeometry geomType="cylinder">
<InstancePath>
<Uid>Podstawa-P-1</Uid>
</InstancePath>
<Position>0 0.057000000000000002 -0.0065000000000000032</Position>
<Axis>0 0 1.0000000000000002</Axis>
</ConstraintGeometry>
<ConstraintGeometry geomType="cylinder">
<InstancePath>
<Uid>P-R-1</Uid>
</InstancePath>
<Position>0 0.010000000000000002 0</Position>
<Axis>0 -1.0000000000000002 0</Axis>
</ConstraintGeometry>
</Concentric>
<Coincident name="Wspólnie3">
<ConstraintGeometry geomType="plane">
<InstancePath>
<Uid>P-R-1</Uid>
</InstancePath>
<Position>0.015000000000000001 0.001 -0.0050000000000000044</Position>
<Axis>0 0 1.0000000000000002</Axis>
</ConstraintGeometry>
<ConstraintGeometry geomType="plane">
<InstancePath>
<Uid>R-Q-1</Uid>
</InstancePath>
<Position>0.009999999999999995 0.0090000000000000011 0.0050000000000000044</Position>
<Axis>0 0 1</Axis>
</ConstraintGeometry>
</Coincident>
<Coincident name="Wspólnie4">
<ConstraintGeometry geomType="plane">
<InstancePath>
<Uid>P-R-1</Uid>
</InstancePath>
<Position>0.015000000000000003 0.0090000000000000045 -0.0050000000000000044</Position>
<Axis>0 -1.0000000000000002 0</Axis>
</ConstraintGeometry>
<ConstraintGeometry geomType="plane">
<InstancePath>
<Uid>R-Q-1</Uid>
</InstancePath>
<Position>0.009999999999999995 0.0090000000000000011 -0.0050000000000000044</Position>
<Axis>0 1.0000000000000002 0</Axis>
</ConstraintGeometry>
</Coincident>
</Constraints>
</RootAssembly>
<Assemblies>
</Assemblies>
<Parts>
<Part name="P-R" uid="P-R*:*Domyślna" version="142">
<ModelUnits mass="kilogram" length="millimeter"/>
<PartFile name="P-R.SLDPRT" type="SolidWorks Part"/>
<MassProperties>
<Mass>0.0039824402528821192</Mass>
<CenterOfMass>0.041435273229919432 0.0050000000000000001 0</CenterOfMass>
<Inertia>1.2628742041013667e-07 3.0010738124647634e-06 2.9883154612848241e-06 0 0 0</Inertia>
</MassProperties>
<GeometryFile name="P-R_Domyślna_sldprt.STEP" type="STEP"/>
<VisualProperties>
<Ambient r="0.40392156862745099" g="1" b="0.44705882352941173" a="1"/>
<Diffuse r="0.40392156862745099" g="1" b="0.44705882352941173" a="1"/>
<Specular r="0.20196078431372549" g="0.5" b="0.22352941176470587" a="1"/>
<Emissive r="0" g="0" b="0" a="1"/>
<Shininess>0.3125</Shininess>
</VisualProperties>
</Part>
<Part name="Podstawa" uid="Podstawa*:*Domyślna" version="117">
<ModelUnits mass="kilogram" length="millimeter"/>
<PartFile name="Podstawa.SLDPRT" type="SolidWorks Part"/>
<MassProperties>
<Mass>0.0030353981633974478</Mass>
<CenterOfMass>0 0.0075874633939897063 0</CenterOfMass>
<Inertia>1.3060914958098116e-07 9.4192477042468085e-08 1.3060914958098116e-07 0 0 0</Inertia>
</MassProperties>
<GeometryFile name="Podstawa_Domyślna_sldprt.STEP" type="STEP"/>
<VisualProperties>
<Ambient r="1" g="0.56470588235294117" b="0.46666666666666667" a="1"/>
<Diffuse r="1" g="0.56470588235294117" b="0.46666666666666667" a="1"/>
<Specular r="0.5" g="0.28235294117647058" b="0.23333333333333334" a="1"/>
<Emissive r="0" g="0" b="0" a="1"/>
<Shininess>0.3125</Shininess>
</VisualProperties>
</Part>
<Part name="Podstawa-P" uid="Podstawa-P*:*Domyślna" version="143">
<ModelUnits mass="kilogram" length="millimeter"/>
<PartFile name="Podstawa-P.SLDPRT" type="SolidWorks Part"/>
<MassProperties>
<Mass>0.0075385525935129129</Mass>
<CenterOfMass>0 0.026477328490983103 0</CenterOfMass>
<Inertia>1.6780635652318432e-06 2.0315503151366129e-07 1.6820620112854464e-06 0 0 0</Inertia>
</MassProperties>
<GeometryFile name="Podstawa-P_Domyślna_sldprt.STEP" type="STEP"/>
<VisualProperties>
<Ambient r="0.792156862745098" g="0.81960784313725488" b="0.93333333333333335" a="1"/>
<Diffuse r="0.792156862745098" g="0.81960784313725488" b="0.93333333333333335" a="1"/>
<Specular r="0.396078431372549" g="0.40980392156862744" b="0.46666666666666667" a="1"/>
<Emissive r="0" g="0" b="0" a="1"/>
<Shininess>0.3125</Shininess>
</VisualProperties>
</Part>
<Part name="R-Q" uid="R-Q*:*Domyślna" version="145">
<ModelUnits mass="kilogram" length="millimeter"/>
<PartFile name="R-Q.SLDPRT" type="SolidWorks Part"/>
<MassProperties>
<Mass>0.0073284402528821166</Mass>
<CenterOfMass>0.044282001190140578 0.0050000000000000018 0</CenterOfMass>
<Inertia>1.0933558707680337e-07 5.1452499760347041e-06 5.126169124854765e-06 0 0 0</Inertia>
</MassProperties>
<GeometryFile name="R-Q_Domyślna_sldprt.STEP" type="STEP"/>
<VisualProperties>
<Ambient r="0.12156862745098039" g="0.25098039215686274" b="1" a="1"/>
<Diffuse r="0.12156862745098039" g="0.25098039215686274" b="1" a="1"/>
<Specular r="0.060784313725490195" g="0.12549019607843137" b="0.5" a="1"/>
<Emissive r="0" g="0" b="0" a="1"/>
<Shininess>0.3125</Shininess>
</VisualProperties>
</Part>
</Parts>
</SimscapeMultibodyImportXML>
